0.0000000e+00 0.0000000e+00 0.0000000e+00
3.2136061e-04 3.2135937e-04 5.0211206e-04
1.2849982e-03 1.2849783e-03 2.0085007e-03
2.8895836e-03 2.8894855e-03 4.5193060e-03
5.1329071e-03 5.1326215e-03 8.0353615e-03
8.0118807e-03 8.0112853e-03 1.2557838e-02
1.1522549e-02 1.1521585e-02 1.8087609e-02
1.5660107e-02 1.5658894e-02 2.4625443e-02
2.0424034e-02 2.0412796e-02 3.2170926e-02
2.5813348e-02 2.5771872e-02 4.0723273e-02
3.1821305e-02 3.1730334e-02 5.0219706e-02
3.8440149e-02 3.8283581e-02 6.0543738e-02
4.5661038e-02 4.5427951e-02 7.1565668e-02
5.3442331e-02 5.3129090e-02 8.3136931e-02
6.1681458e-02 6.1300531e-02 9.5121607e-02
